[DASH_CAM]
POS=0.638738,1.89938,1.15591
EXP=27

