[HEADER]
EDIT_MODE=0
INTENSITY=90.0
EDIT_BIG=1
EDIT_STATE=4
BURN_FUEL_MULT=5
FLASH_THRESHOLD=1

[FLAME_0]
POSITION=-1.14082,0.419181,-1.00584
DIRECTION=-1, 0, -0.5
VSIZE_START=0.2
VSIZE_END=0.75
IS_LEFT=0
LSIZE=1.2
GROUP=50


[FLAME_1]
POSITION=-1.14081,0.419181,-1.00584
DIRECTION=-1, 0, -0.5
VSIZE_START=9.2
VSIZE_END=10.75
IS_LEFT=0
LSIZE=1.7
GROUP=50

[FLAME_2]
POSITION=-1.14083,0.419181,-1.00584
DIRECTION=-1, 0, -0.5
VSIZE_START=0.2
VSIZE_END=0.75
IS_LEFT=0
LSIZE=1.6
GROUP=50